power:
  c: 2.1686737590e+01
  p: 1.4092675297e-01
  x0: 24.63206
  z0: 668.33123779
  r2: 0.583705

power_local:
  c: 5.9067429392e+01
  p: 2.5609808485e-03
  x0: 24.63206
  z0: 668.33123779
  r2: 0.948891

power_global:
  c: 4.4815597704e+01
  p: 4.0337153819e-02
  x0: 24.63206
  z0: 668.33123779
  r2: 0.855271

log:
  c: 1.7646236824e+02
  p: 6.4955482847e-01
  x0: 24.63206
  z0: 668.33123779
  r2: 0.974298

#log_local:
#  c: 1.7369029258e+02
#  p: 6.6198835493e-01
#  x0: 24.63206
#  z0: 668.33123779
#  r2: 0.973873

log_global:
  c: 1.8924560556e+02
  p: 6.2760425448e-01
  x0: 24.63206
  z0: 668.33123779
  r2: 0.973805

peckham:
  gamma: -7.7560841364e-01
  r: 5.4136408703e-03
  s0: 6.4012885046e-01
  x0: 24.63206
  z0: 668.33123779
